100
2 3 2
1 1 1
2 1 2
3 2 3
1 3 1
53 6 53
7 14 7
25 10 25
17 14 17
2 4 2
100 3 100
29 12 29
93 2 93
60 1 60
100 2 100
11 7 11
1 4 1
4 2 4
4 14 4
10 18 10
54 4 54
68 2 68
10 5 10
2 2 2
7 18 7
36 11 36
4 23 4
1 82 1
81 3 81
28 5 28
39 9 39
7 1 7
5 17 5
40 2 40
4 4 4
3 3 3
88 9 88
4 29 4
80 8 80
100 1 100
94 9 94
72 4 72
60 10 60
49 5 49
3 37 3
74 9 74
34 6 34
4 3 4
13 13 13
58 1 58
1 58 1
69 7 69
71 5 71
83 4 83
14 7 14
2 38 2
2 11 2
51 3 51
2 18 2
3 4 3
69 1 69
49 4 49
1 2 1
7 6 7
11 10 11
29 1 29
9 2 9
1 35 1
23 6 23
1 100 1
13 4 13
52 3 52
96 5 96
1 85 1
19 12 19
35 11 35
100 4 100
15 3 15
48 2 48
46 9 46
100 9 100
4 1 4
5 2 5
19 7 19
31 1 31
80 9 80
11 1 11
13 3 13
51 2 51
3 1 3
63 5 63
3 30 3
1 48 1
2 59 2
100 8 100
37 11 37
2 26 2
5 1 5
2 52 2
1 8 1
